72 76 78 79 80 82 77 83 85 88 89 84 90 92 75 94 95 96 97 98 102 101 103 105 106 107 86 81 93 87 109 99 110 71 111 100 112 114 115 73 91 116 117 108 113 74 104 
59 74 94 34 104 119 149 159 154 164 169 49 184 189 204 209 219 224 229 79 89 174 129 199 39 114 64 124 134 109 144 194 44 99 69 139 179 84 214 54 
25 31 40 19 34 55 64 76 79 37 43 58 88 46 91 61 94 70 22 67 85 97 28 52 49 73 82 100 
86 87 89 92 93 94 95 88 98 100 101 107 97 108 110 91 111 113 103 114 116 102 96 118 119 115 117 99 121 106 84 85 90 104 105 109 112 120 122 
62 64 66 70 74 86 78 88 90 94 98 100 102 104 106 108 116 58 92 110 118 80 56 60 120 122 68 72 76 84 82 96 112 114 124 
37 41 45 77 65 81 85 73 89 33 97 101 109 57 113 117 121 53 61 93 125 129 105 133 49 69 137 141 
38 40 44 48 50 36 54 46 58 64 66 72 56 60 74 62 76 82 70 42 52 68 78 80 
63 69 65 71 61 77 83 87 92 97 101 
48 54 57 60 66 69 78 81 102 105 117 120 123 90 126 132 84 87 135 111 138 141 108 147 150 153 63 72 93 114 156 75 51 96 99 129 144 159 162 
87 95 107 127 131 99 111 135 139 143 151 159 115 103 123 147 79 163 83 119 155 167 91 
23 27 29 31 37 35 39 25 
74 84 114 69 59 104 119 129 99 134 64 79 124 89 139 109 144 94 149 154 
92 97 107 167 197 207 217 227 237 247 267 287 
60 68 64 88 90 92 58 76 84 94 96 100 102 104 86 70 
67 69 75 79 83 93 101 109 85 73 111 113 115 89 107 117 119 121 77 125 87 127 71 81 103 97 129 131 91 133 99 135 137 139 95 141 105 123 143 
121 93 125 129 149 153 169 173 117 133 145 177 97 181 185 109 101 113 105 137 157 161 141 165 
55 63 83 99 107 127 67 
38 39 40 41 43 46 47 49 50 51 52 53 54 56 57 44 58 45 59 42 48 55 60 
77 89 119 137 155 173 185 191 
90 100 125 150 155 160 170 190 200 205 140 165 95 115 185 215 230 235 240 245 135 195 255 105 120 210 145 260 265 220 270 175 180 250 275 225 280 110 130 
